#
# gliders and eater
#
00000000000000000000000000000000000000000
00000000000000000000000000000000000000000
00000000000000000000200000000000000000000
00000000000000000002000000000000000000000
00000000000000000002220000000000000000000
00000000000000000000000000000000000000000
00000000000000000000000000000000000000000
00000000000000000000000000000000000000000
00000000000000000000000000000000000000000
00000000000000000000000000000000000000000
00000000000000000000000000000000000000000
00000000000000000000000000000000000000000
00000000000000000000000000000000000000000
00000000000000000000000000000000002000000
00000000000000000000000000000000020000000
00000000110000000000000000000000022200000
00000000010000000000000000000000000000000
00000011100000000000000000000000000000000
00000010000000000000000000000000000000000
00000000000000000000000000000000000000000
00000000000000000000000000000000000000000
